-2146929615
-2145918391
-2145689954
-2144686619
-2142367502
-2141784790
-2140459462
-2140322189
-2139559722
-2136163156
-2135129670
-2134759320
-2134688900
-2133431309
-2132929205
-2132014907
-2131027835
-2130755661
-2126236263
-2125863832
-2125023286
-2123253581
-2121858847
-2121481980
-2116631820
-2114040118
-2112039079
-2110378236
-2109759339
-2108640789
-2107698529
-2106821158
-2105485392
-2105222983
-2103601811
-2103353987
-2102407573
-2100315005
-2098994154
-2098882254
-2098828991
-2097290060
-2097229640
-2096449160
-2092827286
-2092344444
-2091407928
-2088523405
-2086594003
-2086140252
-2085739942
-2085598640
-2085011781
-2079450182
-2074190551
-2073130198
-2072886787
-2071055649
-2070627626
-2070496739
-2069280156
-2068249581
-2061999265
-2060764569
-2059924744
-2059619993
-2058753556
-2055098354
-2054141426
-2053143172
-2051897894
-2051546319
-2047109952
-2046488955
-2046130457
-2042929563
-2041460247
-2041189380
-2037890039
-2037625106
-2036967982
-2036291243
-2036139032
-2030284972
-2028441165
-2028140818
-2027684903
-2026442406
-2026046392
-2025966192
-2021420221
-2020450024
-2019939158
-2019508601
-2017676667
-2013344242
-2010339505
-2009991036
-2009905485
-2008171329
-2007518894
-2006974032
-2003945973
-2003532435
-2002724572
-2001509683
-1997298378
-1996937190
-1990886136
-1986211352
-1986085981
-1985111094
-1984220470
-1983388694
-1981959925
-1981534741
-1979814916
-1979701856
-1978525705
-1978273180
-1978062625
-1977810737
-1977335091
-1973822897
-1969229976
-1967402271
-1966781158
-1966072203
-1964879407
-1964644223
-1962677919
-1961528713
-1960377368
-1959632011
-1959164441
-1958799073
-1958797348
-1958225442
-1957194413
-1955429270
-1955156161
-1953204234
-1951956332
-1951878655
-1947907630
-1945777975
-1944873569
-1942932230
-1942792091
-1942532122
-1940996789
-1940931929
-1938138994
-1937664336
-1934812493
-1934532577
-1931655687
-1929707406
-1928441417
-1928356989
-1925639708
-1925627290
-1924856406
-1922910720
-1920614650
-1920344733
-1918313757
-1917194581
-1917178768
-1916154465
-1915236065
-1914732776
-1914701863
-1912857423
-1912442243
-1912264699
-1911637672
-1910686894
-1910572653
-1907674096
-1907296997
-1907231799
-1906222331
-1906059777
-1905660945
-1905094850
-1903554657
-1903002101
-1902742868
-1902208536
-1899584926
-1898839842
-1897626650
-1896803409
-1896795306
-1893431964
-1893246323
-1891106528
-1890927291
-1890171906
-1889329232
-1888298305
-1887934773
-1887272113
-1885469601
-1884359346
-1883622547
-1876261573
-1873148177
-1872746784
-1870467886
-1869039903
-1868384115
-1865688943
-1857182809
-1857138257
-1856356412
-1856239997
-1855805339
-1855607461
-1854738620
-1854635579
-1851954252
-1849610046
-1849246424
-1844335344
-1841336810
-1841063713
-1840583046
-1839467074
-1839005046
-1836952214
-1836784163
-1830819485
-1829552812
-1828819532
-1826299152
-1825117898
-1825063953
-1822520812
-1820953743
-1819408147
-1815596263
-1815568183
-1813708911
-1811764087
-1811392664
-1810990932
-1808797047
-1807884056
-1807562735
-1806026746
-1804751937
-1803590033
-1803272310
-1802276526
-1802075794
-1799752828
-1797754553
-1796777321
-1795539848
-1795336166
-1795315710
-1793690052
-1793545830
-1793494664
-1791818451
-1791191965
-1788684922
-1785885746
-1784896972
-1782918975
-1782487581
-1782317286
-1781024023
-1778916756
-1777862549
-1777325878
-1776765791
-1776696075
-1775843098
-1774019751
-1773890083
-1772539974
-1771315271
-1768642392
-1768378694
-1767109043
-1766905350
-1766353068
-1764801536
-1763038547
-1761938641
-1761901949
-1761632619
-1756650442
-1753351325
-1753192709
-1753179194
-1752603383
-1751648213
-1750827894
-1750614262
-1744670132
-1744048932
-1743064302
-1741842887
-1740081446
-1739817512
-1737090553
-1735968490
-1735647786
-1733447778
-1732466813
-1732388256
-1730439677
-1727596164
-1726827228
-1726791739
-1724080379
-1723209398
-1722748119
-1721740018
-1721503697
-1721441817
-1720988735
-1718333713
-1717475150
-1717467659
-1715262056
-1714742112
-1713205665
-1709225834
-1708705327
-1708521522
-1704014619
-1703440092
-1702908882
-1702717720
-1697919516
-1696458261
-1696278503
-1690518754
-1690244840
-1690003595
-1688162289
-1688125497
-1686241720
-1685691902
-1684741074
-1684107469
-1683696727
-1683130958
-1682719152
-1681403186
-1680719014
-1677745794
-1674999749
-1672867409
-1672531540
-1669121234
-1665191130
-1665100699
-1664938545
-1664764718
-1659993450
-1659603586
-1658487580
-1654795283
-1650262401
-1649650518
-1649498530
-1642153810
-1640738258
-1639247700
-1632995126
-1629968431
-1625345006
-1624716914
-1622932664
-1622277605
-1619640636
-1619638450
-1619411028
-1619248561
-1618136320
-1617848138
-1616474247
-1610887052
-1610053950
-1609989391
-1605421461
-1604407327
-1603964626
-1600071985
-1598703300
-1593512095
-1593222158
-1590995834
-1590413927
-1590084139
-1588450152
-1587960425
-1585612271
-1585185835
-1584232355
-1582097834
-1580733709
-1580441292
-1579515251
-1578787188
-1578545864
-1575750286
-1572809358
-1569600545
-1569117111
-1568631494
-1568546405
-1565937427
-1565426200
-1564108544
-1563312009
-1562311741
-1560582573
-1559764923
-1557352065
-1556148998
-1555320697
-1554022797
-1552570479
-1552234903
-1551128443
-1550434851
-1544834825
-1542681895
-1542065150
-1541274611
-1540866189
-1540794496
-1540653468
-1534685897
-1533936417
-1533355820
-1532156124
-1531892607
-1531684734
-1531103574
-1530916059
-1528857118
-1527146281
-1526832396
-1526429612
-1524358287
-1518037835
-1513083757
-1511082389
-1510051650
-1509967969
-1507637779
-1507575630
-1506170332
-1504466335
-1504225712
-1499997000
-1499394786
-1499312313
-1497468747
-1495776327
-1493263483
-1492837540
-1492751237
-1492749636
-1490172768
-1487794544
-1482395297
-1476625559
-1473543699
-1473394641
-1470990545
-1468378507
-1468137471
-1465344485
-1461508919
-1461384320
-1459966076
-1457247610
-1455189816
-1454022559
-1453227220
-1450547384
-1450092572
-1447711995
-1447503816
-1444404573
-1443538855
-1442161065
-1438605474
-1432641348
-1432627670
-1432161664
-1428666550
-1426740331
-1426299264
-1425447474
-1422669980
-1422158732
-1416294056
-1411151291
-1408573541
-1408342599
-1408110308
-1406066213
-1399151571
-1398638708
-1398096174
-1397741905
-1397404095
-1397380380
-1395595354
-1393050201
-1392368660
-1391563387
-1391304130
-1389117961
-1388712795
-1387948235
-1387512876
-1385642616
-1385009850
-1384286827
-1384245797
-1380439576
-1380348355
-1377449308
-1376552976
-1376111938
-1372418625
-1368566196
-1367064892
-1365188087
-1363957173
-1361893115
-1360702320
-1359898609
-1359577096
-1355179647
-1354786404
-1350997665
-1350842414
-1350025226
-1349943610
-1349762874
-1346859164
-1346144796
-1345909148
-1345894419
-1341181020
-1337954155
-1336482486
-1334507885
-1332621704
-1331620042
-1330898335
-1330299823
-1327771543
-1326099049
-1325089684
-1322167682
-1318055362
-1316656699
-1314462592
-1310482899
-1310141481
-1306983697
-1305084215
-1301258170
-1301181930
-1300542708
-1297732471
-1297395094
-1293017720
-1291188389
-1290236659
-1288647309
-1288375311
-1287914338
-1287901531
-1284672013
-1282282820
-1281726207
-1278632338
-1276888538
-1276542172
-1276192395
-1276183662
-1274158772
-1274103299
-1273091697
-1272157299
-1271589479
-1269138619
-1267585080
-1266440898
-1264138347
-1262779071
-1262349633
-1260972908
-1260893518
-1260308610
-1257871955
-1255566081
-1254296145
-1252137943
-1250940424
-1250430254
-1246522504
-1246317934
-1244883191
-1243772184
-1239518035
-1239355799
-1239226502
-1233879054
-1229136337
-1228574943
-1227631376
-1227601805
-1226997816
-1226171115
-1224033327
-1223038532
-1217346663
-1217256388
-1214569524
-1213890410
-1213865942
-1212133772
-1207494282
-1207457866
-1206886760
-1206664517
-1206274215
-1205422222
-1204964067
-1204051940
-1202513988
-1199140165
-1198208477
-1196852539
-1194744083
-1194453871
-1193930566
-1193845562
-1193047991
-1192531480
-1191090402
-1190253709
-1189883350
-1188489034
-1187638937
-1183763423
-1182596794
-1181840193
-1181794170
-1181351755
-1179120456
-1178993396
-1178924161
-1177612429
-1177102460
-1176110503
-1173154098
-1171749706
-1171645178
-1170801842
-1169981327
-1167785392
-1166943568
-1165100653
-1163902579
-1163680646
-1162466419
-1162455053
-1162334778
-1162165260
-1155291597
-1154666155
-1151056027
-1147388054
-1146952687
-1146937855
-1146605038
-1143695132
-1143159709
-1142454372
-1140938306
-1134706952
-1133720923
-1130717285
-1128993823
-1128901442
-1126735169
-1125417351
-1119928290
-1117034293
-1116085857
-1114960807
-1113107351
-1112405417
-1111379177
-1110454904
-1109863163
-1109855393
-1104849378
-1103865492
-1101321194
-1098426838
-1096149145
-1094448651
-1091559887
-1091001633
-1088938899
-1087799398
-1084874327
-1084793850
-1082282969
-1081749246
-1081218986
-1079585345
-1078924772
-1077813833
-1077444823
-1077114770
-1073545075
-1071950112
-1070545906
-1070402888
-1070357193
-1069620435
-1069410382
-1069242343
-1069083245
-1068292587
-1067662092
-1066711729
-1064838398
-1063453055
-1063403872
-1063340042
-1062925262
-1061966328
-1058240556
-1057340668
-1056016360
-1055479869
-1054575974
-1054475081
-1051660905
-1048709602
-1048025935
-1047728463
-1044482588
-1039567582
-1038844422
-1031275320
-1030847600
-1028834919
-1028528590
-1028132278
-1025869351
-1025590788
-1023713113
-1023338828
-1023131772
-1021724381
-1021560824
-1020074256
-1019938357
-1019721629
-1019033141
-1017053029
-1014577412
-1013177268
-1011539322
-1007014317
-1004941022
-1003332564
-1000827004
-997952689
-995136029
-994299207
-993008119
-991821604
-991285098
-990415748
-986254544
-985747986
-983777862
-983023994
-979830241
-977839332
-977094098
-975213478
-970172368
-965880949
-965439606
-963845413
-962738273
-961677210
-960355522
-960118294
-958322172
-957154151
-954413965
-953775272
-951198762
-950824544
-949626600
-948091657
-946853002
-945547152
-944939865
-944923858
-944074517
-942750513
-938695389
-938456859
-937393312
-937285465
-935941801
-934738066
-934102191
-932917671
-932737131
-932418370
-931809091
-930183737
-926685202
-926609763
-922842193
-921541973
-919090539
-918158008
-917986440
-917630443
-917477025
-917446332
-916348462
-915631224
-915442865
-912344215
-911463239
-911296439
-910468500
-908659430
-907289214
-905101722
-904128587
-904013874
-902662270
-901848624
-901604254
-900163350
-898775436
-898450374
-896719295
-894918757
-894648403
-894164525
-893264307
-891841369
-890647778
-889625881
-888649111
-888214726
-887609780
-887598233
-887329862
-884544232
-873730268
-872909990
-869812835
-866620723
-862958853
-859157740
-858466449
-857667681
-856313565
-855652579
-855604061
-853302502
-852016642
-851609695
-850973863
-850175429
-850102145
-848875329
-848531779
-846299684
-844306292
-843993154
-843764155
-841761182
-837405210
-836557603
-836472804
-834231670
-834010238
-833561615
-832999308
-832554435
-831449154
-830042694
-828096080
-826912802
-825024491
-823133135
-821811445
-815530317
-813380819
-811290907
-810692335
-808307010
-805173680
-805079559
-803437279
-802512366
-797996548
-796705164
-795379969
-791680300
-790925032
-790376914
-789701583
-786927070
-786488674
-784797578
-783559666
-782485265
-781081914
-781037032
-778242980
-774050850
-773922860
-771860401
-768870914
-768004591
-763362252
-754245063
-749434175
-745121390
-743681618
-743029938
-742794327
-736505769
-736262021
-735356370
-729691997
-729555419
-729403102
-725690333
-722859050
-722134670
-720710648
-719855037
-719515205
-713599439
-713358104
-712929156
-712438793
-710431691
-707410639
-705746137
-705212767
-704551831
-701675952
-701578466
-700395796
-696227455
-694788471
-693246622
-683228833
-681262026
-680740882
-680465238
-680366958
-679750977
-679525655
-678914297
-678699117
-677724724
-676951941
-676094462
-676009697
-675523870
-674751447
-672750666
-670213091
-666203949
-664926816
-663813558
-663707323
-662717394
-661780357
-661491436
-661486383
-660536492
-660424852
-658525183
-657295704
-656080220
-655443974
-652802864
-651093466
-649587553
-648472685
-648060697
-647191420
-647044861
-646886515
-645535319
-644258680
-641940103
-638822758
-637954832
-636982637
-636590225
-634152094
-633653239
-633141137
-627906096
-627631694
-627490045
-626976221
-626099802
-624528100
-624394525
-623801671
-621368225
-620672292
-620645764
-620375373
-618219575
-616171110
-615921073
-615114375
-614289055
-613002607
-609931734
-609922250
-603641406
-602891994
-602583135
-602141195
-601963648
-601817373
-601020189
-598181951
-597873864
-595497523
-594960960
-593464639
-593274973
-593043276
-588493011
-588477023
-584463795
-583470775
-582070824
-581611281
-581324954
-579444193
-573300727
-572330336
-572000130
-567934259
-567926335
-564047698
-561393712
-561103447
-560105375
-557502324
-556295235
-551864307
-551317695
-550363506
-548378239
-545774027
-545079383
-543287723
-543158579
-540635981
-539721188
-537232009
-536682863
-535653691
-534215985
-534189106
-533313847
-530577238
-527552200
-526281455
-526222233
-524209402
-522398883
-521024921
-514523131
-513997076
-513660811
-512632308
-512487586
-511504590
-511440602
-509974139
-509283719
-506649651
-501519532
-498724252
-498239869
-496920861
-495335875
-494288018
-493839798
-492497844
-491995121
-490742877
-489724456
-489032402
-488747209
-485629095
-485115916
-482865289
-479793290
-477722903
-477119828
-477074529
-475302642
-473837800
-473055264
-472075356
-468721155
-467819902
-466313506
-465478013
-465097433
-465048249
-464614441
-464551713
-462415968
-459370651
-458369315
-457952315
-457461140
-455677373
-454684104
-451887069
-451414829
-445626285
-445061240
-440621157
-440175586
-440095204
-440001469
-438538469
-437081323
-436909112
-436670547
-436170778
-432277550
-431330730
-429079294
-428384147
-426420924
-425679535
-424837770
-424397388
-424186149
-423979349
-423971868
-423856411
-421413394
-420976680
-419849910
-416649014
-416376664
-416326165
-415593829
-415017469
-411596001
-411394109
-411367865
-410540421
-410316577
-409551768
-408356859
-405023805
-403651930
-403127758
-402253337
-401748539
-400386532
-399196911
-398188090
-396525911
-394024941
-389647833
-388901601
-386780488
-386575698
-384011140
-383964727
-383188529
-383075384
-380659399
-379638268
-379165408
-376909982
-376521115
-376263294
-373954175
-373036703
-372707689
-369606990
-368985027
-367081241
-366652992
-363954014
-361849093
-359794409
-359315433
-359057748
-358853526
-358828573
-356100304
-356036635
-354779447
-351665766
-350967613
-349984263
-349637634
-349600883
-349366779
-348571464
-347904466
-346720842
-345776746
-344931075
-343328074
-340677223
-336753768
-335949842
-334235307
-333693338
-332545951
-332460195
-331711572
-329747282
-329699102
-329674735
-329160081
-329103085
-327580450
-326380132
-326071436
-322388964
-316271718
-315927392
-314639717
-313627272
-313246521
-312178330
-308072246
-307127860
-305136026
-305060684
-304273864
-303406771
-303307209
-303146759
-302862420
-296210609
-296143767
-295380351
-295064489
-293991803
-292915272
-292737691
-291802945
-289679184
-289506091
-288972373
-288063683
-288044384
-287317855
-284873413
-284451313
-282207624
-279657375
-278464227
-278165799
-273552051
-272681353
-270906156
-269766366
-269468266
-267228497
-266404646
-265894267
-265619986
-264788970
-264141754
-263403906
-259060311
-255459881
-251381468
-249649370
-247303001
-246297418
-244334199
-241858470
-240535341
-240204631
-240104758
-239321416
-239270471
-238399696
-237804202
-236724561
-236440436
-235942239
-235744940
-235055951
-234565891
-233227990
-232429936
-230876175
-228964719
-228036365
-224755864
-221239522
-220443705
-216233890
-216003299
-214041082
-213455926
-213451975
-212342188
-211796234
-210361781
-210156002
-207033712
-206978353
-205980812
-205443536
-201923454
-199623139
-196391011
-196344628
-194520214
-193323807
-190190117
-189442714
-189402205
-189364953
-188711298
-187812536
-185127082
-178665995
-176851306
-176684774
-175015064
-173242263
-172821598
-169772301
-166358451
-163332605
-162978854
-161411443
-160738494
-159510186
-157585848
-156867042
-156038793
-152951874
-152538082
-151761035
-148650483
-143351347
-142647516
-142077710
-140951182
-140052636
-137882148
-134386145
-133504320
-132910414
-131784749
-131510745
-130776010
-129335782
-124914529
-124871520
-123306312
-122198896
-120021847
-119119348
-118994143
-117840026
-117499575
-117350039
-115630780
-114061810
-111362238
-110495256
-108973155
-106787461
-105147585
-104237319
-103990895
-103061046
-102183954
-101946358
-98538965
-93348931
-93094465
-90375137
-90270720
-90213558
-89817647
-88538647
-88392868
-87691726
-87073510
-86822371
-84599846
-82153928
-81779705
-80436318
-78858335
-78033231
-69990815
-69061365
-68181305
-65526615
-63191206
-62580479
-62056135
-61144874
-60042484
-58975038
-58277542
-55024838
-53439370
-49684106
-44385979
-43240480
-43023567
-41068308
-39354672
-38533069
-36465580
-31717560
-31234892
-30806941
-29658615
-28018569
-25203992
-23943792
-23420337
-21915543
-21844038
-21425608
-20231317
-19826277
-14362874
-12123275
-12118785
-11287766
-11048947
-8801791
-8184814
-7132101
-5788268
-5543575
-5314116
-1629434
-1181788
-1130807
846454
903458
1206822
2011579
6363623
6691062
7492443
8566435
10254044
11098373
12106281
13009850
13997090
14943660
18902172
19066793
19544782
19795988
20166422
20262899
22862370
24328411
26307741
28570666
31440500
33986239
40255749
40930574
41995562
42272747
46527068
47342416
49453105
49847691
52266614
52401214
54909747
58537455
63087780
64155237
67660199
71792168
72253931
72939328
73596063
76592915
78228502
79133917
79394285
80873350
80960275
82194023
82220088
82399949
82607445
83214616
84653671
90977399
92872071
94001287
96479361
96612532
98316690
98479802
100355535
106191833
108003608
109279868
109942576
111018983
112547859
113626911
114357187
116053598
116056040
116891209
119046883
119802843
120294681
121372089
122603097
122998905
123309326
125757096
126192133
127276983
127530897
129364322
129418172
132488241
133196536
134337661
135514398
135638928
135849641
138062950
139641293
142401407
145105736
149733504
150274102
150600393
150812621
152171391
153850517
153856393
154718043
155040386
156755144
156889424
157047459
160311670
160491499
160934201
162118823
162428752
163123507
165096779
169601316
170240820
170387980
171874612
173416981
174708828
175120573
175171808
178707052
178754372
179005498
180543963
184474756
186704832
188330699
188484006
188755628
189108632
189635008
189766767
192499109
194330242
200981361
203938602
204181488
205713263
205726694
208234543
209915475
211362974
211812220
214278575
215019871
217207250
217532108
219048969
222158285
229070691
229536659
233666631
235431549
239101406
240620251
241566490
242320870
243734574
244052331
246200996
247601667
249992172
251577326
253160811
253209677
255704929
258378242
259569388
260584421
263824005
263870785
264068870
266681346
266858460
267470940
269046803
270401687
272995059
275139984
275424606
277547456
278195088
282018020
282479006
282994597
285464903
287663927
290049612
290236299
290642408
291459932
292402659
292907565
293419624
293459869
294503970
296624521
300047514
300305685
300392453
301454586
302566842
304312284
305938847
307746571
312297110
312524043
312603366
314691269
314938560
315099591
315280185
315526568
318165300
318615522
319458188
322332143
322546161
322693654
322744066
323293467
325068192
325122971
325961927
328608151
334386965
335054995
335460256
335957896
336582042
338363886
339198143
340363997
342020897
343101000
343704146
344587708
345291160
350209256
351636690
351876655
352738440
354050755
354998204
356065802
356194032
357368453
357455133
358379065
358435996
359651827
365460606
365951682
366895736
367118370
367376966
370727182
371728409
372271702
372327475
373979465
374001128
375219521
376654266
377230725
377645663
379711159
380033453
380073630
381049758
381867159
381988246
383883387
387307521
392084329
393698658
393932176
394891469
395471912
395761577
397324291
399788274
400311213
403451243
403570148
403745518
405012638
405101601
405624680
405784577
406014747
406914628
411839634
411939739
415380901
417597359
417645126
418325949
419300665
419318778
421743218
424866933
426010281
428862238
429889812
435717555
435897915
436352336
439214699
440003918
446597981
446768497
448248731
449422648
449478761
450312333
455439106
457563660
459228805
460542422
461156125
461632384
462983273
463628627
463930862
467189452
468791865
469013576
469354467
470731126
471758451
473748179
473897611
475647041
475735007
476560701
477557751
481301253
482272383
484818000
485091782
487631927
491619907
492873500
493248120
494449272
495745525
496693701
499102396
501732965
502684105
504632974
506297303
506391046
507682729
508241802
508270419
509449521
514051367
516693335
518387328
519301599
519356504
520735129
521685838
522188310
522287315
522698883
523867352
524144364
525473730
525893598
526988076
529665225
531248256
532649028
533541687
534636533
538515480
538589070
538674469
540873028
541235188
542219099
543823723
545098953
546327007
546480249
546673610
550675370
551874033
552214911
554814743
555141593
555666655
556433366
557040014
561715454
562262994
564261466
564787407
566008123
567643334
568799616
569637119
570370867
570655954
570998988
571709875
572068225
572326500
573532619
576504201
581047992
582850206
583254528
585182221
586323333
588324015
588350972
589570618
590434151
590570796
590802086
595275763
595473411
595503657
595724353
596099857
596287612
596377154
598763638
601772178
602515867
603458359
604679745
607089561
608865717
609330479
609656387
610660699
610912809
611242452
612921406
618106430
619304939
621119683
621758308
621823722
624731373
624822932
630288370
630798484
633565975
634061641
636160832
636710507
636792695
638415047
640129897
640402292
642765481
642824113
645150433
646160101
649127787
651153956
652937960
654857340
656579712
658321074
658426999
658867288
659928005
661846597
665898659
668968089
674912186
674949929
675387033
678554309
678673359
679146989
685093513
685334117
687602074
687952854
689434088
689535443
690843074
695481127
697859595
700464169
701810360
702550578
702817727
704041271
705189189
706202255
706281221
713678997
714067223
714515212
718349694
721119093
723560989
724482930
724725198
724794568
725266005
726714588
728622096
731428340
732280646
734755285
736626309
739655098
739683362
739848395
740853145
740899364
744784929
745516335
752096569
759949258
760322069
761349389
761796882
764148805
764778473
767556004
769090251
770224180
771675661
771741328
773367386
777789391
779960790
783057797
788221820
789131817
790867612
791230690
791707615
792182968
794681089
795219725
795941453
796228310
797118029
799955588
800550239
801342770
802957786
804187513
804395604
804570971
805965606
807958220
809280941
809575166
810409637
811782340
812021417
816649715
817161691
819178317
819756796
821276427
822913746
829239785
830504719
831593498
835030490
835074960
835330480
837200249
839076639
839393040
839600835
840589310
840913684
841941843
842799838
842808741
842985853
843156673
846536063
846996728
847447118
850396039
852430888
852709482
852831836
856593654
857394006
862063036
862670972
864067730
864563414
865840812
866117438
868618679
868630430
869820902
869904774
870460920
872260057
872691250
872780095
872897292
874655917
875150584
875997125
876201443
877231568
877526716
879084723
879867320
881457795
882582613
883631611
883927551
885381850
885537080
890570315
891523011
891654659
891871452
891900733
899379213
899544902
905641959
907828839
911752888
914022679
915336688
918609371
920308375
921384759
922788884
924673569
925550527
925606180
926984927
927422621
927667447
929078017
931049773
931935357
932169159
932322210
934424155
937179134
937627466
941227777
941458056
945700117
945883336
946311444
948723420
948902414
949021507
949033137
952470891
954424129
955818053
957201285
957226514
960756507
961331579
962895552
967642213
968071811
968371939
969330036
971289071
975741337
977040209
978348613
981543433
986434605
989000926
989505619
990650431
990730709
993343198
993446721
993992343
994823843
995473131
995828933
996224596
997848430
999150633
1001195712
1002044626
1003645891
1005956054
1011090923
1011149116
1011637280
1012798043
1014386628
1015567595
1017836507
1017967999
1019695878
1020641559
1020757981
1023597806
1023815183
1024582434
1026645741
1028550624
1028996508
1030358239
1030469825
1030941020
1031996632
1032179968
1032456061
1032858646
1033171853
1033523870
1034286283
1035365909
1035409132
1035478528
1035971424
1036592155
1037652487
1037827837
1038669401
1039211844
1040380162
1041667694
1041930995
1043862538
1046801842
1047161009
1047383611
1047494855
1048336633
1054068088
1054137087
1054651516
1054917326
1056551231
1059384690
1061043180
1062014742
1064479016
1064710905
1065428663
1066585993
1067341480
1067568863
1067754340
1068858504
1069756043
1075415032
1077943859
1078551475
1081724937
1084435211
1085672165
1085974601
1087579144
1088333192
1089900287
1090909064
1090921673
1091073235
1091174323
1094262307
1094766348
1099140467
1099928552
1100173612
1104078046
1106634230
1108777306
1111746606
1119618249
1124523684
1126101252
1127689239
1130699090
1131326644
1132653511
1134785033
1134918198
1135626467
1136295440
1136314575
1140187388
1141771368
1141804189
1142582611
1145746850
1146977499
1148801508
1148831880
1149234262
1149663468
1151333886
1151637759
1153627281
1154410315
1155641647
1156203015
1156498770
1157173977
1157447543
1158359860
1159175219
1160203108
1162052094
1162654648
1163142636
1165757862
1168069999
1170665864
1172899347
1173922863
1175210635
1176195821
1177109349
1177879021
1183710831
1184182367
1184416325
1185515482
1186314523
1186863928
1188987823
1189686355
1189859308
1190534167
1192545936
1193031319
1193201852
1193631017
1194384632
1202557120
1203379226
1204673201
1205224594
1206702268
1207882823
1209718467
1210458924
1210711017
1211170062
1217066479
1217918480
1219764668
1222226252
1222499600
1222551193
1224846743
1226091517
1227805690
1228073604
1229521001
1230015281
1230325549
1230671320
1232474654
1232560566
1234682144
1234965240
1236854072
1242674023
1244445055
1244980686
1246080452
1246200966
1246582105
1247168112
1247798587
1248113279
1251579654
1251921982
1253249368
1253993549
1254176459
1254508849
1254787240
1254954059
1256143330
1257501559
1259952926
1261345901
1261554175
1262223320
1263443183
1263927555
1265482779
1269346308
1270127974
1270932553
1271311295
1271570243
1273920709
1276393621
1282870360
1284157636
1284353580
1284918348
1285333395
1287836154
1289782132
1292586971
1292833397
1293444577
1295187615
1298357688
1298486805
1299701776
1300223749
1300762210
1307065587
1307546773
1309392450
1310649156
1313286341
1313543530
1314321188
1315217572
1316009628
1316581279
1317920363
1318256786
1323790215
1324355136
1325007007
1326525860
1328933969
1329575395
1332536566
1333462917
1333983430
1334272895
1335071442
1335540690
1341215082
1341500453
1341721084
1344446955
1344744619
1345474044
1346381974
1347154141
1347222196
1347415756
1350923794
1351378082
1351698262
1352493693
1353276500
1354317601
1357755114
1357958066
1361726433
1364129554
1366006810
1366189296
1367732510
1367952943
1369463942
1369757062
1370126552
1370166536
1371293584
1373676128
1374407217
1378470725
1378864040
1379424186
1380472435
1382257232
1382719261
1384156177
1386419555
1390629592
1390906043
1392141278
1392488182
1392517274
1393798892
1397550342
1400753901
1401249081
1401858573
1404410153
1404474729
1406222922
1407438510
1410261659
1410507682
1412265613
1412429883
1412565300
1412575961
1412628719
1413807898
1415246645
1415769280
1416044863
1417843039
1420003426
1421233077
1421304210
1421389079
1421553725
1421780038
1423773239
1425045165
1426469179
1429969825
1430325789
1430344643
1433466966
1438463476
1439795517
1440683007
1443524501
1445655248
1446467470
1448778921
1451293127
1452573190
1452827829
1453165018
1453482305
1453531372
1455410505
1456905345
1457632696
1460147441
1461694698
1464484282
1465264412
1465415441
1466224791
1466692174
1467407853
1468218658
1470833983
1475173397
1475894364
1476331094
1477615008
1477907851
1484189157
1484396307
1485262762
1486614329
1487370509
1487965307
1488219639
1488709386
1490637471
1492059826
1492826106
1494806389
1496048524
1496613409
1496745706
1497169559
1499036994
1503013958
1503897516
1504228188
1508367148
1508851577
1508942678
1511127937
1511794254
1511943257
1512672166
1513917422
1514190104
1515753754
1516627739
1517172064
1519835100
1520528247
1521357773
1521598865
1521926308
1522978006
1525662298
1527494315
1530384419
1531128506
1531207623
1533912520
1535876800
1538762573
1542289629
1542531389
1543037940
1545108773
1545502217
1546746168
1547454451
1548000474
1548840175
1549678640
1552784637
1555374328
1555422940
1555982481
1556719011
1558536867
1559097068
1563343639
1564712304
1570252263
1571437127
1572797259
1573894846
1574939293
1576201356
1577168782
1577348627
1578107414
1578423852
1579662549
1580795382
1582018789
1582981748
1583733748
1584567347
1584867330
1585505205
1586041436
1588566003
1588600393
1590654296
1595012771
1595556612
1596009647
1597320021
1598715881
1601002728
1602683957
1605784251
1608500357
1608856693
1609241174
1609374734
1611539257
1613103386
1614620034
1618801558
1618940628
1619149157
1619262824
1622823535
1623090806
1623894249
1625391182
1626380500
1627271279
1631333572
1631789037
1632410782
1634416158
1635209957
1636287672
1639401096
1642419381
1642470084
1642832647
1643186257
1644355545
1646809829
1650017166
1650652398
1651462474
1651567944
1651864348
1652942169
1653746336
1654823538
1655549879
1656460077
1656534097
1656888956
1657494917
1660779009
1660862691
1661201780
1664683656
1666780803
1667288935
1667469108
1668929461
1670318110
1670436971
1671646391
1671977953
1672633759
1673008993
1675327277
1676294394
1676564909
1677642208
1677669509
1679165455
1682610639
1685273506
1685451422
1689147674
1689284532
1689418793
1689476753
1689571500
1689622133
1692355958
1693083142
1694055489
1694922402
1700086430
1701568129
1702189826
1702220194
1703682227
1704452244
1707416283
1707428366
1709455442
1711299776
1715644338
1720005007
1720532479
1720773053
1722470763
1723088654
1726313184
1727458813
1727997931
1728994185
1729926148
1733812835
1735408689
1735552732
1736386016
1737306805
1737340751
1737490092
1741189279
1744518227
1745216314
1753362740
1753868643
1763018000
1764190875
1764815727
1766389998
1768227056
1769628055
1769934272
1770125415
1770755444
1774743927
1775795780
1776384735
1778253022
1778380388
1778644148
1782641237
1782813260
1783220173
1783415310
1783419524
1784459114
1784968689
1785294199
1786371368
1787964139
1790522343
1791612927
1794624171
1795015216
1795604016
1795934629
1798247578
1799792223
1799869025
1803625147
1804270947
1806984475
1809023195
1809706655
1810962139
1810997565
1813442155
1813699834
1817557007
1818648505
1818847119
1819693075
1819710090
1819946116
1819965090
1822509076
1823466445
1828227035
1830430574
1831677500
1833413922
1834515501
1834896930
1835883278
1836312475
1838048405
1838874604
1839059340
1842654922
1844013221
1844059482
1850100399
1850226609
1851672470
1854391034
1857255018
1857569005
1861098812
1863096108
1864068985
1864124288
1865289473
1869129168
1869151380
1869603232
1871278349
1872072688
1872714925
1874311653
1875871504
1877703083
1878831706
1879277319
1881075846
1881283462
1883098827
1888221944
1889334357
1890692559
1891500478
1892127811
1894225640
1895555871
1900925333
1904416150
1905751204
1908709168
1911568051
1912128346
1913904508
1915574822
1918764717
1919328792
1921365252
1922005144
1923113674
1924053902
1927588587
1929048448
1929926080
1930661114
1931739760
1934277010
1934462918
1934506980
1937864351
1937927578
1940396178
1943019158
1943027992
1945258551
1947360818
1948154957
1948321895
1948367188
1948708038
1949635311
1951002643
1954349602
1954752012
1954784275
1954948894
1955141775
1955744259
1956960298
1957931663
1958278944
1959405732
1961308433
1961370897
1962627628
1962853279
1967120691
1967502190
1969787633
1970053017
1973104885
1976434486
1984068578
1985195163
1987388654
1987820048
1988368855
1989057489
1991320176
1993571811
1995135824
1995336963
1996335464
1998388531
2003110242
2005319970
2008268204
2008735370
2011721282
2014749622
2017375172
2017639443
2021008806
2022792231
2023442962
2024119888
2027631610
2028207395
2031054861
2031334454
2031595729
2033467739
2034332967
2038228450
2041820984
2044314080
2047103378
2047498343
2049077818
2051013230
2051136237
2055876375
2057854830
2058007929
2063668115
2068991829
2069869055
2070020704
2071063046
2071253128
2072665258
2074007114
2081502668
2083177486
2083279977
2084560343
2085464007
2087319057
2087996626
2088273741
2090252911
2090930560
2093955969
2097523490
2098075621
2098137979
2103180829
2103186511
2108190613
2110155581
2110376126
2111037630
2111228286
2112590030
2114604071
2117409887
2119717353
2120003498
2122728671
2124123237
2124208942
2125065053
2129839776
2131644596
2133289977
2133415089
2133583141
2135093828
2136053949
2137682473
2138056407
2139940525
2140316700
2143387875
2145301605
